24,1
24,0
23,4
23,3
23,2
23,1
23,0
22,3
22,2
22,1
22,0
21,4
21,3
21,2
21,1
21,0
20,4
20,3
20,2
20,1
20,0
19,4
19,3
19,2
19,1
19,0
18,4
18,3
18,2
18,1
18,0
17,4
17,3
17,2
17,1
17,0
16,4
16,3
16,2
16,1
16,0
15,4
15,3
15,2
15,1
15,0
14,4
14,3
14,2
14,1
14,0
13,3
13,2
13,1
13,0
12,3
12,2
12,1
12,0
11,5
11,4
11,3
11,2
11,1
11,0
10,4
10,3
10,2
10,1
10,0
9,4
9,3
9,2
9,1
9,0
8,4
8,3
8,2
8,1
8,0
7,4
7,3
7,2
7,1
7,0
6,5
6,4
6,3
6,2
6,1
6,0
5,5
5,4
5,3
5,2
5,1
5,0
4,3
2,6
2,5
2,4
2,3
2,2
2,1
2,0
1,3
0,410
0,324
0,243
0,9
0,0
0,1
0,431
0,300
0,386
0,299
0,422
0,298
0,428
0,297
0,345
0,296
0,426
0,295
0,337
0,294
0,430
0,293
0,421
0,292
0,374
0,291
0,399
0,290
0,420
0,289
0,413
0,288
0,432
0,287
0,417
0,286
0,416
0,285
0,415
0,284
0,414
0,283
0,429
0,282
0,423
0,281
0,315
0,280
0,320
0,279
0,408
0,278
0,407
0,277
0,444
0,276
0,349
0,275
0,404
0,274
0,273
0,402
0,272
0,363
0,271
0,400
0,270
24,2
24,3
25,0
25,1
25,3
25,4
25,6
25,8
25,9
25,11
25,12
25,14
25,16
25,17
25,19
25,20
25,22
25,23
25,25
25,27
25,28
26,1
26,2
26,4
26,6
26,7
26,9
26,10
26,12
26,13
26,15
26,17
26,18
26,20
26,21
26,23
26,25
26,26
27,0
27,1
27,3
27,4
27,2
26,27
26,24
26,22
26,19
26,16
26,14
26,11
26,8
26,5
26,3
26,0
25,26
25,24
25,21
25,18
25,15
25,13
25,10
25,7
25,5
25,2
24,4
0,389
0,269
0,398
0,268
0,397
0,267
0,368
0,266
0,406
0,265
0,394
0,264
0,405
0,263
0,392
0,262
0,391
0,261
0,331
0,260
0,384
0,259
0,358
0,258
0,365
0,257
0,338
0,256
0,434
0,255
0,401
0,254
0,350
0,253
0,396
0,252
0,393
0,251
0,433
0,250
0,382
0,249
0,381
0,248
0,419
0,247
0,409
0,246
0,378
0,245
0,438
0,244
0,447
0,242
0,390
0,241
0,375
0,240
0,385
0,239
0,309
0,238
0,443
0,237
0,371
0,236
0,395
0,235
0,369
0,234
0,364
0,233
0,319
0,232
0,366
0,231
0,427
0,230
0,367
0,229
0,317
0,228
0,383
0,227
0,361
0,226
0,439
0,225
0,359
0,224
0,412
0,223
0,357
0,222
0,356
0,221
0,355
0,220
0,354
0,219
0,323
0,218
0,310
0,217
0,351
0,216
0,347
0,215
0,330
0,214
0,348
0,213
0,436
0,212
0,442
0,211
0,353
0,210
0,437
0,209
0,343
0,208
0,342
0,207
0,341
0,206
0,441
0,205
0,424
0,204
0,440
0,203
0,445
0,202
0,311
0,201
0,335
0,200
0,388
0,199
0,333
0,198
0,332
0,197
0,316
0,196
0,446
0,195
0,387
0,194
0,328
0,193
0,327
0,192
0,326
0,63
0,325
0,62
0,372
0,61
0,322
0,60
0,321
0,59
0,376
0,58
0,373
0,57
0,370
0,56
0,418
0,55
0,425
0,54
0,362
0,53
0,314
0,52
0,313
0,51
0,379
0,50
0,346
0,49
0,307
0,48
0,435
0,47
0,308
0,46
0,411
0,45
0,301
0,6
0,5
0,304
0,303
0,306
0,305
0,302
0,12
0,10
0,8
0,11
0,4
0,2
0,3
0,7
