37,14
37,13
37,12
37,11
37,10
37,9
37,8
37,7
37,6
37,5
37,4
37,3
37,2
37,0
31,7
31,3
28,6
28,5
28,4
28,3
28,2
25,3
23,4
23,3
19,4
19,3
18,3
14,6
14,4
14,3
12,33
12,32
12,31
12,30
12,29
12,28
12,27
12,26
12,25
12,24
12,23
12,22
12,21
12,20
12,19
12,18
12,17
12,16
12,15
12,14
12,13
12,12
12,11
12,10
12,9
12,8
12,7
12,6
12,5
12,4
12,3
12,2
12,0
10,5
10,4
10,3
6,6
6,4
6,3
5,3
4,2
4,1
4,0
3,6
3,5
3,4
3,3
3,2
3,1
3,0
2,19
2,18
2,17
2,16
2,15
2,14
2,13
2,12
2,9
2,8
2,6
2,5
2,3
2,2
2,1
2,0
1,2
1,1
1,0
1,3
4,3
0,476
0,400
0,300
0,299
0,298
0,297
0,296
0,295
0,294
0,293
0,292
0,291
0,290
0,289
0,288
0,287
0,286
0,285
0,284
0,283
0,282
0,281
0,280
0,279
0,278
0,277
0,276
0,275
0,274
0,273
0,272
0,271
0,270
0,269
0,268
0,267
0,266
0,265
0,264
0,263
0,262
0,261
0,260
0,259
0,258
0,257
0,256
0,255
0,254
0,253
0,252
0,251
0,250
0,249
0,248
0,247
0,246
0,245
0,244
0,243
0,242
0,241
0,240
0,239
0,238
0,237
0,236
0,235
0,234
0,233
0,232
0,231
0,230
0,229
0,228
0,227
0,226
0,225
0,224
0,223
0,222
0,221
0,220
0,219
0,218
0,217
0,216
0,215
0,214
0,213
0,212
0,211
0,210
0,209
0,208
0,207
0,206
0,205
0,204
0,203
0,202
0,201
0,200
0,199
0,198
0,197
0,196
0,195
0,194
0,193
0,192
0,63
0,62
0,61
0,60
0,59
0,58
0,57
0,56
0,55
0,54
0,53
0,52
0,51
0,50
0,49
0,48
0,47
0,46
0,45
0,9
0,2
0,1
37,15
37,16
37,18
37,19
37,21
37,22
37,24
37,26
37,27
37,29
37,30
37,32
37,34
37,35
37,37
37,38
37,40
37,41
37,43
37,45
37,46
38,3
38,4
39,2
39,4
39,5
39,7
39,8
39,10
39,11
39,13
39,15
39,16
39,18
39,19
39,21
39,23
39,24
39,26
39,27
39,29
39,30
39,34
40,3
40,4
40,6
40,7
40,10
41,0
41,2
41,4
41,5
41,7
42,3
42,10
46,4
51,2
51,4
51,5
52,2
52,5
52,6
52,8
52,10
53,3
53,5
54,3
55,3
55,5
56,4
61,3
61,5
61,7
62,3
62,5
64,2
64,4
64,6
64,7
65,4
66,3
66,5
69,2
71,2
72,1
72,2
72,4
73,0
73,2
73,3
73,1
72,3
72,0
70,2
66,4
65,3
64,5
64,3
62,4
61,6
61,4
56,3
54,4
53,4
52,11
52,7
52,3
51,6
51,3
46,3
41,8
41,6
41,3
40,13
40,8
40,5
39,36
39,31
39,28
39,25
39,22
39,20
39,17
39,14
39,12
39,9
39,6
39,3
39,0
37,47
37,44
37,42
37,39
37,36
37,33
37,31
37,28
37,25
37,23
37,20
37,17
69,45
71,44
70,44
69,44
71,43
70,43
69,43
71,42
70,42
69,42
71,41
70,41
69,41
71,40
70,40
69,40
71,39
70,39
69,39
71,38
70,38
69,38
71,37
70,37
69,37
71,36
70,36
69,36
71,35
70,35
69,35
71,34
70,34
69,34
71,33
70,33
69,33
71,32
70,32
69,32
71,31
70,31
69,31
71,30
70,30
69,30
71,29
70,29
69,29
71,28
70,28
69,28
71,27
70,27
69,27
71,26
70,26
69,26
71,25
70,25
69,25
71,24
70,24
69,24
71,23
70,23
69,23
71,22
70,22
69,22
71,21
70,21
69,21
71,20
70,20
69,20
71,19
70,19
69,19
71,18
70,18
69,18
71,17
70,17
69,17
71,16
70,16
69,16
71,15
70,15
69,15
71,14
70,14
69,14
71,13
70,13
69,13
71,12
70,12
69,12
71,11
70,11
69,11
71,10
70,10
69,10
71,9
70,9
69,9
71,8
70,8
69,8
71,7
70,7
69,7
71,6
70,6
69,6
71,5
70,5
69,5
71,4
70,4
69,4
71,3
71,0
70,3
70,0
69,3
69,0
0,6
0,0
0,304
0,303
0,306
0,305
0,302
0,12
0,475
0,10
0,8
0,409
0,11
0,5
0,7
0,4
0,3
